1.000000000000000000e+00
1.000469798999999993e+00
9.995302010000000070e-01
9.991275170000000205e-01
1.000402685000000069e+00
1.000872482999999979e+00
1.000067113999999924e+00
1.000067113999999924e+00
9.997315439999999720e-01
9.992617449999999790e-01
1.000268455999999917e+00
9.998657720000000415e-01
1.000604027000000062e+00
1.000067113999999924e+00
9.994630869999999723e-01
9.989932889999999510e-01
9.987248319999999513e-01
1.000268455999999917e+00
1.000738254999999910e+00
1.000268455999999917e+00
9.987919459999999860e-01
9.993959730000000485e-01
9.996644300000000483e-01
9.992617449999999790e-01
9.989261739999999445e-01
9.995302010000000070e-01
9.998657720000000415e-01
1.000536912999999917e+00
1.001140939999999979e+00
1.000067113999999924e+00
9.995302010000000070e-01
9.993959730000000485e-01
9.998657720000000415e-01
9.999328859999999652e-01
1.000201341999999993e+00
1.000604027000000062e+00
1.000201341999999993e+00
1.001744965999999959e+00
1.000201341999999993e+00
9.994630869999999723e-01
1.000469798999999993e+00
1.000671140999999986e+00
1.000738254999999910e+00
1.000872482999999979e+00
9.998657720000000415e-01
9.994630869999999723e-01
9.988590600000000208e-01
9.996644300000000483e-01
9.988590600000000208e-01
9.991946310000000553e-01
9.991946310000000553e-01
1.000872482999999979e+00
9.997986580000000068e-01
9.993288590000000138e-01
9.991946310000000553e-01
1.000000000000000000e+00
1.000000000000000000e+00
1.000872482999999979e+00
1.000335570000000063e+00
9.989261739999999445e-01
9.995302010000000070e-01
1.000738254999999910e+00
9.995973150000000418e-01
1.001140939999999979e+00
9.991946310000000553e-01
1.000402685000000069e+00
9.993288590000000138e-01
9.995302010000000070e-01
1.000805369000000056e+00
9.997986580000000068e-01
1.000604027000000062e+00
1.000201341999999993e+00
1.000536912999999917e+00
9.993288590000000138e-01
9.997986580000000068e-01
1.000268455999999917e+00
1.001140939999999979e+00
9.994630869999999723e-01
9.993959730000000485e-01
9.997315439999999720e-01
9.993288590000000138e-01
9.984563760000000343e-01
1.001208053999999903e+00
9.995973150000000418e-01
9.991946310000000553e-01
9.989932889999999510e-01
9.995973150000000418e-01
9.978523489999999718e-01
9.973825499999999789e-01
9.945771810000000341e-01
9.899060400000000479e-01
9.877718119999999784e-01
9.855033559999999504e-01
9.848255030000000545e-01
9.839530199999999640e-01
9.810872480000000335e-01
9.800805369999999845e-01
9.783422819999999636e-01
9.760805369999999845e-01
9.749999999999999911e-01
9.729999999999999760e-01
9.744765100000000180e-01
9.740067110000000250e-01
9.740067110000000250e-01
9.732013419999999693e-01
9.739395969999999902e-01
9.723288589999999898e-01
9.740067110000000250e-01
9.746778520000000112e-01
9.741409399999999552e-01
9.720604029999999618e-01
9.727315439999999480e-01
9.732013419999999693e-01
9.736711409999999622e-01
9.732013419999999693e-01
9.729328859999999413e-01
9.736711409999999622e-01
9.741409399999999552e-01
9.729999999999999760e-01
9.736711409999999622e-01
9.713221479999999408e-01
9.724630869999999483e-01
9.729328859999999413e-01
9.727986579999999828e-01
9.733355700000000388e-01
9.738724829999999555e-01
9.734026849999999342e-01
9.726644300000000243e-01
9.719932890000000381e-01
9.715906039999999688e-01
9.734026849999999342e-01
9.734697989999999690e-01
9.728657720000000175e-01
9.721275169999999965e-01
9.731342279999999345e-01
9.729999999999999760e-01
9.728657720000000175e-01
9.732013419999999693e-01
9.736040270000000385e-01
9.732684560000000040e-01
9.736040270000000385e-01
9.729328859999999413e-01
9.740738260000000315e-01
9.732684560000000040e-01
9.725302009999999830e-01
9.721275169999999965e-01
9.730671140000000108e-01
9.719932890000000381e-01
9.722617449999999550e-01
9.730671140000000108e-01
9.723288589999999898e-01
9.721946310000000313e-01
9.727986579999999828e-01
9.729999999999999760e-01
9.726644300000000243e-01
9.725302009999999830e-01
9.734697989999999690e-01
9.732013419999999693e-01
9.727315439999999480e-01
9.746107379999999765e-01
9.729999999999999760e-01
9.738053690000000318e-01
9.725302009999999830e-01
9.719261740000000316e-01
9.723288589999999898e-01
9.727315439999999480e-01
9.725973150000000178e-01
9.738724829999999555e-01
9.728657720000000175e-01
9.733355700000000388e-01
9.729328859999999413e-01
9.726644300000000243e-01
9.729999999999999760e-01
9.741409399999999552e-01
9.725302009999999830e-01
9.736040270000000385e-01
9.721946310000000313e-01
9.727315439999999480e-01
9.729999999999999760e-01
9.732684560000000040e-01
9.740738260000000315e-01
9.729999999999999760e-01
9.725302009999999830e-01
9.736040270000000385e-01
9.727986579999999828e-01
9.733355700000000388e-01
9.731342279999999345e-01
9.717919459999999621e-01
9.736040270000000385e-01
9.737382549999999970e-01
9.739395969999999902e-01
9.746107379999999765e-01
9.724630869999999483e-01
9.737382549999999970e-01
9.736711409999999622e-01
9.736711409999999622e-01
9.730671140000000108e-01
9.738053690000000318e-01
9.726644300000000243e-01
9.737382549999999970e-01
9.729328859999999413e-01
9.732013419999999693e-01
9.755973150000000178e-01
9.775369130000000037e-01
9.807382549999999970e-01
9.854093959999999832e-01
9.871409399999999552e-01
9.903355700000000388e-01
9.924161070000000322e-01
9.952818789999999778e-01
9.972214769999999637e-01
9.981610739999999780e-01
9.992348989999999507e-01
9.9894362420000000267e-01
9.99087250000000061e-01
9.991073830000000129e-01
9.994429529999999646e-01
9.982483220000000204e-01
9.983154360000000551e-01
9.982550340000000411e-01
9.997315439999999720e-01
9.991946310000000553e-01
1.000402685000000069e+00
1.000268455999999917e+00
9.987919459999999860e-01
9.980536909999999651e-01
9.991946310000000553e-01
1.000000000000000000e+00
9.991275170000000205e-01
9.989932889999999510e-01
9.995302010000000070e-01
1.000134228000000070e+00
1.000067113999999924e+00
9.996644300000000483e-01
1.000939596999999903e+00
1.001140939999999979e+00
1.000335570000000063e+00
9.987248319999999513e-01
9.991946310000000553e-01
1.000268455999999917e+00
9.995302010000000070e-01
9.995973150000000418e-01
1.000671140999999986e+00
1.000402685000000069e+00
1.000872482999999979e+00
9.997315439999999720e-01
1.000939596999999903e+00
9.996644300000000483e-01
1.001073826000000055e+00
1.000067113999999924e+00
9.993959730000000485e-01
9.987919459999999860e-01
9.997315439999999720e-01
9.997986580000000068e-01
1.000604027000000062e+00
9.999328859999999652e-01
9.996644300000000483e-01
1.000738254999999910e+00
9.998657720000000415e-01
9.995302010000000070e-01
1.000402685000000069e+00
9.996644300000000483e-01
1.000469798999999993e+00
9.995973150000000418e-01
9.997986580000000068e-01
1.000134228000000070e+00
9.997986580000000068e-01
1.000000000000000000e+00
1.000536912999999917e+00
1.000268455999999917e+00
1.000335570000000063e+00
9.995302010000000070e-01
1.000536912999999917e+00
1.000402685000000069e+00
1.000671140999999986e+00
9.995973150000000418e-01
9.998657720000000415e-01
1.000469798999999993e+00
9.995973150000000418e-01
9.997986580000000068e-01
1.001342281999999972e+00
1.001476510000000042e+00
1.000872482999999979e+00
1.000604027000000062e+00
9.992617449999999790e-01
1.000402685000000069e+00
9.997315439999999720e-01
9.992617449999999790e-01
9.995302010000000070e-01
1.000067113999999924e+00
9.996644300000000483e-01
9.995973150000000418e-01
1.000536912999999917e+00
1.000067113999999924e+00
1.000134228000000070e+00
1.000067113999999924e+00
9.995302010000000070e-01
9.989932889999999510e-01
1.000134228000000070e+00
9.997986580000000068e-01
9.985234899999999580e-01
9.996644300000000483e-01
9.993288590000000138e-01
1.000469798999999993e+00
1.000402685000000069e+00
