1.920758846330290065e-02
1.124107870295030370e-02
3.426912179001440246e-03
4.511839894822644928e-03
2.270212002870291776e-02
2.928666176275859442e-02
3.026031195987697459e-02
2.598887761571481991e-02
4.270563591700373557e-02
2.198486494429337593e-02
1.650501470009366201e-02
2.537843438143332422e-02
3.170012898813503316e-02
2.742589844551200987e-02
2.801474276453211343e-02
2.304207483476353874e-02
4.595015459215359699e-02
3.128001263949626090e-03
2.936664238081125589e-02
8.150607641995238906e-03
3.716534789394439209e-02
7.403925876132155977e-03
2.192909112237592315e-02
4.320468739461699736e-02
2.614030614843853087e-02
1.410718037821447404e-02
4.789039830256355823e-02
2.808074862910286962e-02
3.480031884718476354e-02
7.312132772126229106e-03
3.016233577033450644e-03
3.340956888116841748e-03
3.825366443880575534e-02
5.377267906411154277e-03
1.063809856373594369e-02
6.368581290315511977e-03
3.439685228086138136e-02
2.340535529317546229e-02
3.853512201674502702e-02
3.689212106558276139e-02
3.554187405953846551e-02
1.742685887488601079e-02
2.992818279323912825e-02
5.880185019450129454e-03
2.414901020617394450e-02
1.520300710312104224e-02
3.464786076238180130e-04
4.527496383577955807e-02
2.443605018630637046e-02
2.511614852870992787e-02
1.135582374432011002e-02
4.545796882585020210e-02
1.434903220355491886e-02
3.653484718435619921e-02
4.439585743352694042e-02
3.966829147822558549e-02
2.272195075841448864e-02
1.822732375028374846e-02
1.361365724382318509e-02
1.516035896400939713e-02
4.468575818598053556e-02
2.134492544521748511e-02
3.946717276058490237e-02
4.998432626340387763e-02
4.508186511704007776e-02
2.095583667637620703e-02
2.906390065104444073e-02
4.727145687898880871e-02
2.828871504949502860e-02
3.859370278449236746e-04
1.496634291890687300e-02
1.632757056257721703e-02
1.221661881860876091e-02
6.100430779160887287e-03
1.560258625234310463e-02
3.862989369461047873e-02
3.848685293007836437e-03
5.626156908997804323e-03
1.559669307561072429e-02
2.821512349787914931e-02
2.816548798947798860e-02
3.359756706830773626e-02
3.992862805700789913e-02
2.178104319493409310e-02
3.128207323277681917e-02
8.795677936031254252e-03
4.900893114903187575e-03
4.235903710460176431e-04
2.694058184091521757e-02
9.482898070326619272e-02
8.106144404555393548e-03
3.966457526644211889e-02
4.415009174092317940e-02
4.593030736254510860e-02
2.920121592846256636e-02
3.620776303754739273e-02
6.357233646469878825e-02
9.147133557543467131e-02
4.364582227646068846e-02
1.046345110242961722e-02
4.271538693445047635e-02
5.865516549906635291e-03
9.162500041655363692e-02
4.024819619167264301e-02
7.729418627470680501e-03
1.772953325148196591e-02
7.267749978943063766e-02
1.765786163717157978e-02
7.573797901739537985e-02
4.282945338706301008e-02
4.979580378574718913e-02
2.639178834083888425e-02
3.180551646931340654e-02
1.211584312103741734e-02
2.862866135404053616e-02
3.766567293665248894e-02
4.227534845148317455e-02
1.489663996649081071e-02
8.369112243135830520e-02
6.428795231300937774e-03
1.761329260676308727e-03
4.432846252137820353e-02
3.454255808099183922e-02
1.381274677334262159e-02
4.099886614233894805e-02
2.943154477908188627e-03
1.519905966887989505e-02
1.672320748344081204e-02
7.512984470904479847e-04
7.016158939686381671e-02
6.477163380129260621e-02
5.376569060818516099e-02
4.299961442891700458e-02
1.600560570813040068e-02
1.552590855442609503e-03
6.311029836219246986e-02
1.563800545976007025e-02
4.733326912444070111e-02
1.677510805301120692e-02
7.819769624493279253e-02
9.181541137832167090e-03
1.911415873934874110e-02
1.999418085949819165e-02
7.324754008743894658e-03
4.196956449646321169e-02
2.542966851654980889e-02
9.548169199490364779e-04
1.832803709707601578e-02
6.598414233817198975e-03
4.497296131851050149e-02
9.803308038129731738e-04
6.961752484869404026e-03
1.153251962252121489e-02
5.137954387733169773e-02
5.587735369364682861e-03
4.107644511547897496e-03
5.235086244972674087e-02
5.160890621767167492e-04
1.827309774474104170e-02
3.584335225356385934e-02
4.761847690243924125e-02
3.274298958099886459e-04
7.651576344849143813e-02
4.696818369342276728e-02
3.477764104517822030e-02
4.163894125058578699e-02
3.979951816783539736e-02
1.173995684546283447e-02
6.632117248790458164e-02
1.393609383760618936e-02
1.694627244365435464e-02
3.552601518510448836e-02
2.084824677969911166e-02
2.141916862531561064e-02
7.746891150026983308e-02
6.129165234976656801e-02
6.481870955600721768e-02
2.080058835993031825e-03
4.614711425066309264e-04
3.057226441126608199e-02
4.395914427087666693e-02
5.607735037946120660e-02
1.250747481128389182e-02
2.015663819906800269e-02
2.472305678121430525e-02
4.372624728343497968e-02
6.973193985789634702e-02
7.593059313725572440e-02
2.032467047427838347e-02
4.976191810326341392e-02
4.465226463057322959e-02
5.038974520229607151e-02
1.665659214015269372e-03
4.593317738280891516e-02
3.471800524990450304e-02
8.594644040911819535e-02
7.702235483767511326e-02
5.803995692370427062e-02
3.561384301071607653e-03
2.551318781072217656e-02
3.466151869540164826e-02
3.791588932328469191e-02
4.613253810871686261e-02
5.956077478372889034e-02
3.029513646572408458e-02
1.509950046537224602e-02
2.795711217228341594e-02
5.438594813031383257e-03
1.847657506558381124e-03
4.832197570700161315e-02
1.274716840206613355e-02
2.196172067588361698e-02
2.806664996636250645e-02
3.070423184549626872e-02
2.936608691485988187e-02
1.769933853007153376e-02
3.389376765097268460e-03
3.983115305599123357e-02
4.408556357555708932e-02
1.860039123800893632e-02
6.413771818685010812e-03
9.951338169855206833e-03
1.284920790423583342e-02
2.555635450090122662e-02
3.372739283986971037e-02
3.944958847196625151e-02
3.177925533560718718e-02
1.132033526755325641e-02
2.098035693110850142e-02
2.877286147379018097e-02
3.276072110807671384e-02
2.037352393897745584e-02
4.313003976691503864e-03
4.170620675604346655e-02
4.317748855219282617e-02
2.406355786638481129e-03
5.024726807426172122e-03
4.761009929226436843e-02
5.340884425090031487e-03
4.531994606811370896e-02
2.281216037939177987e-02
4.624991347486415161e-02
4.472382411787058365e-02
4.473918988253428736e-02
3.579048302410807458e-02
4.223610669721706429e-02
2.685774569338053586e-02
3.160639137539460880e-02
4.206344864904525832e-02
4.672182014044422294e-02
1.419859504638024128e-02
2.385719099872269516e-02
2.709937899296037747e-02
1.265696365944740664e-02
1.655657786202961029e-02
1.280175527512439348e-02
4.137726822652554315e-02
2.949493724608848871e-02
1.505202038447118855e-02
2.347851249185081701e-02
4.698862232583157078e-02
3.497020825055834059e-02
4.978995341050160284e-02
3.979410687708018202e-02
3.499121152416857783e-02
4.077791548519354992e-02
4.430584823314056425e-02
3.808034357656789326e-02
3.018988416662844732e-02
2.084632077830216382e-02
3.097813157719703919e-02
2.322726669603629446e-02
9.587024677601996628e-03
3.241224706503242903e-02
9.300807422347068254e-03
2.794275530383692752e-02
2.982117648509122199e-02
4.822590275758638356e-02
3.983318114633155847e-03
3.404135577300384380e-02
2.093400174941068177e-03
1.882664501732162626e-02
4.136079864577969084e-02
7.938161137406501977e-03
4.247586207143022596e-03
4.456057781440603272e-02
2.055507721998528709e-04
3.755528061815566285e-03
5.858664142918979141e-03
3.177215405319974012e-02
6.830889964733983383e-03
1.665136432514236972e-02
4.928026685716738881e-02
7.121733148659159518e-03
2.342351577671077448e-02
1.354705159855940219e-03
1.267875105138005628e-03
2.841661777415907184e-02
4.072026127623749187e-02
3.401159442613128220e-02
2.275919002757048875e-03
3.699293614038318221e-03
1.270466197031658306e-02
4.663866926448512890e-02
4.136821089346097435e-02
