9.635192020765165734e-04
2.842322533171329885e-04
2.556609413293000461e-04
1.768411753017771191e-04
8.090902276330743303e-04
2.210377372350660365e-04
8.111944719953123812e-05
4.585077611559157276e-04
3.621498010291166587e-04
6.911259797839974588e-05
7.312098684283394653e-04
8.982331710329303489e-04
2.554707622003856977e-04
6.833319300990092250e-04
6.089839965561612755e-04
8.052346028813736709e-04
2.805800355663644698e-04
5.434411028709301749e-04
2.086794211475140443e-05
3.081954345736994945e-04
3.493803000256746525e-04
8.699830782356867635e-04
6.746422000313931789e-04
1.164867466078967182e-05
4.311879864454238161e-05
2.342198384456243459e-04
1.968025583952066643e-04
9.453905879188967800e-04
2.607778348564682050e-04
8.269422078713929486e-04
4.340119639431532059e-04
9.372592233963039979e-05
3.669287025868285404e-04
3.140936969923941824e-04
4.859182038565665069e-04
2.971136235124513048e-04
1.636942127645981846e-04
5.233383814636438717e-05
7.256547725171679127e-04
9.692445352680422030e-04
1.550171611993889101e-05
1.077860313463495622e-04
3.702138320532249180e-04
4.891517246871879233e-04
2.563723596897660270e-05
1.317974079698878108e-04
9.863529419283196490e-04
5.257030388532824396e-05
4.201142245910954734e-04
3.039598405378166708e-04
2.782079683193383829e-05
1.587744949264233661e-04
4.997622941197150774e-04
6.287332631302777926e-05
7.071472085926189645e-04
6.917528025631859527e-04
6.577761755204371589e-04
8.247361239708876591e-04
8.047707518337965892e-05
4.904646487212397299e-04
1.317121415845166009e-04
8.491743243537745907e-04
1.131522068581282186e-04
5.761902768779430693e-04
6.167899777631800657e-04
7.332159366083738179e-04
9.011097327393546332e-04
1.424427277168542811e-04
8.895977605192080485e-04
7.852353226095175635e-04
7.385128458727345741e-04
6.804984708891382043e-04
4.373100068128231996e-04
5.866770642402439504e-04
8.703666391684366241e-04
6.421378648779355264e-04
3.503387982535030175e-04
5.766234585237286006e-04
3.123471066748172370e-04
5.268233200933856563e-04
1.559142690204790146e-04
1.888627497739702138e-04
1.567527129861197082e-04
3.014741304406626460e-04
6.382906208431675821e-04
5.391867562255025581e-04
3.867909392266045596e-04
7.621866902637441498e-04
3.140521682625060278e-04
2.183540136715192968e-04
8.311327375471786556e-04
7.458729254322290754e-04
1.659057317139775944e-04
9.610535272923619162e-04
6.288679972510957433e-05
1.547542921209771230e-04
9.515346403670536281e-04
1.865376840418858716e-04
2.232426567416689902e-05
6.695886790536226176e-04
5.346198316459397889e-04
5.952497566734290526e-04
8.421660171067878696e-04
3.822281167344607753e-04
2.526879849902739978e-04
4.784947542308866115e-04
5.429321373038663951e-04
4.597405434222844251e-04
6.008265837845127525e-04
5.181850441978161966e-04
8.555412215260977315e-04
2.706156902917078514e-05
3.148062386651218395e-04
8.511048994011275641e-04
9.545881274307257231e-04
4.988787668032395196e-04
2.463642760426718492e-04
5.377341378327766576e-04
9.495417225010441623e-04
1.912181469407584411e-04
3.677110038865475544e-04
6.718729923645543620e-04
7.508736722782619142e-04
6.512571569818216685e-04
4.292032337433549026e-05
1.038369018914641126e-04
2.012155399190218488e-04
3.981427588667174551e-05
4.972943181637057487e-05
8.290346807293872246e-04
7.704792879321577378e-04
5.144657069061354905e-04
7.155013444428517423e-04
8.538262642371688416e-04
9.200706696498179562e-04
4.780910857411452362e-04
8.988270612719893729e-04
8.667325057534929541e-04
5.558753001134596368e-04
7.292638364811087313e-04
9.652529246163805239e-04
3.418525965417446239e-04
5.622716802485338639e-04
6.898018036914931083e-04
9.222703071566756275e-04
4.383924418175194865e-04
7.213000081090681814e-05
3.540773281877336131e-04
4.959494199605342076e-04
1.498392136851278806e-05
1.952398923216291967e-05
2.355891837208340346e-04
5.028563491807246837e-04
3.693420863217439579e-04
9.604058212553157102e-04
3.726489288992770508e-04
1.050545006893902582e-04
4.370286234719390653e-04
4.697036785044192875e-04
1.872880956172049360e-04
2.285654812706681114e-04
9.154702395127401957e-04
2.747643252983182714e-04
2.983002949345067083e-04
9.180617107490716489e-04
9.000378297507504377e-04
8.622479845845610301e-04
7.740563276127175162e-04
4.210174263299245809e-04
2.466643092773838225e-04
2.478327825692150520e-05
8.361462786301883257e-04
5.028114914358669703e-04
7.761881295089995830e-04
9.998792601002524927e-04
9.534993270781651296e-04
5.175070991416885692e-05
8.845312934757148995e-04
9.936746684414186990e-04
4.093775462068608762e-04
6.528247308437092099e-04
3.444778426650774075e-04
8.842527816709160136e-04
4.849788234234709053e-04
3.350439095601833936e-04
4.528278802617457036e-04
7.613698807117790261e-04
1.991174406926433590e-04
6.838493144137822730e-04
8.350457897402170952e-04
5.631334688683290943e-04
5.831758246999337904e-04
1.213302376191834905e-04
9.895845818325177976e-05
4.877292640783872555e-04
6.148015841450493865e-04
5.228676474843496581e-04
5.831619111231753968e-04
6.564217643847243761e-04
8.060174232772945261e-04
2.249203121006277935e-04
1.631261713353865351e-04
8.475481522090710278e-04
5.922820033612985632e-05
7.163825220959115338e-04
1.572463497651568247e-04
4.532193909392319268e-04
8.229568145453920866e-04
3.026235570482953686e-04
1.953603098615700503e-04
4.057010061173962597e-04
6.886702720825000354e-04
6.091828609926075281e-06
7.394630168262538144e-04
5.525080102133728480e-04
9.648112325895373542e-04
2.774949322878108443e-04
3.062621185071012840e-04
1.481425097783369807e-04
8.003706788405784450e-06
2.621636594623698475e-04
4.012699181780388048e-04
2.455654559173280310e-04
2.245343958691820008e-04
8.447912613800520523e-04
9.983071419226330779e-04
4.371068094496453177e-04
3.644586226838352253e-04
8.824193552586745383e-04
6.889842859203166268e-04
1.700205790069110492e-04
6.169386993306869005e-05
8.730040734521031564e-04
5.486883057408332336e-04
9.434647728220926484e-04
1.724545702301712950e-04
7.761926852237238834e-04
7.549864316692295749e-04
4.556598361694133006e-04
3.329590867764157191e-04
9.480604688280537713e-04
4.892202685253110991e-04
6.396434149086771461e-05
8.334787767077257150e-04
9.337607792581922124e-04
7.660591771151319465e-04
3.252658957295236856e-04
5.777330751546427964e-04
6.616061137939000410e-06
6.791654979675274765e-04
3.179215901389448535e-04
3.138131368614571976e-05
4.102707818574962404e-04
8.899686449564639824e-04
2.481100979676217617e-04
1.146250078978794409e-05
2.480822046209642164e-04
5.066026686259600311e-04
9.874708835711420909e-05
8.426459986403156714e-05
6.465028847843514413e-04
9.115545154164531906e-04
8.217475664417109782e-04
4.084860631125775067e-05
2.322267900762183793e-04
9.654506483446846556e-04
8.859904845182050908e-04
5.571667659426551107e-04
7.903090571235482675e-05
8.982603648666831811e-05
7.481760657330339525e-04
5.309804592464165184e-04
7.156852742558450606e-05
4.572653329015168391e-04
6.933253160962484125e-04
8.005299669855992515e-04
3.962419089967210775e-04
3.223890536237228321e-05
9.552243912869624268e-04
2.444418494117988998e-04
5.197347276438905568e-04
9.898657919596702982e-04
3.143710563923867211e-04
7.378360991685886661e-04
5.628912974462007418e-04
9.286389272313944976e-04
2.178852837432005037e-04
9.079862868728803263e-04
6.038300060558277928e-04
8.667078475552720401e-04
2.538207133430481297e-04
1.752686126804226140e-05
4.876807059963372847e-04
5.845628317931687986e-04
7.295898446154509267e-04
9.853031689038718819e-04
3.409758930814137611e-04
7.012005848928927129e-04
3.384562541294924604e-04
8.733647339532335388e-05
4.839673770066304191e-04
1.693088529656497842e-04
4.868928642146415266e-04
7.144503522848221822e-05
8.231258354428585200e-04
