1.000000000000000000e+00
1.000469798999999993e+00
9.995302010000000070e-01
9.991275170000000205e-01
1.000402685000000069e+00
1.000872482999999979e+00
1.000067113999999924e+00
1.000067113999999924e+00
9.997315439999999720e-01
9.992617449999999790e-01
1.000268455999999917e+00
9.998657720000000415e-01
1.000604027000000062e+00
1.000067113999999924e+00
9.994630869999999723e-01
9.989932889999999510e-01
9.987248319999999513e-01
1.000268455999999917e+00
1.000738254999999910e+00
1.000268455999999917e+00
9.987919459999999860e-01
9.993959730000000485e-01
9.996644300000000483e-01
9.992617449999999790e-01
9.989261739999999445e-01
9.995302010000000070e-01
9.998657720000000415e-01
1.000536912999999917e+00
1.001140939999999979e+00
1.000067113999999924e+00
9.995302010000000070e-01
9.993959730000000485e-01
9.998657720000000415e-01
9.999328859999999652e-01
1.000201341999999993e+00
1.000604027000000062e+00
1.000201341999999993e+00
1.001744965999999959e+00
1.000201341999999993e+00
9.994630869999999723e-01
1.000469798999999993e+00
1.000671140999999986e+00
1.000738254999999910e+00
1.000872482999999979e+00
9.998657720000000415e-01
9.994630869999999723e-01
9.988590600000000208e-01
9.996644300000000483e-01
9.988590600000000208e-01
9.991946310000000553e-01
9.991946310000000553e-01
1.000872482999999979e+00
9.997986580000000068e-01
9.993288590000000138e-01
9.991946310000000553e-01
1.000000000000000000e+00
1.000000000000000000e+00
1.000872482999999979e+00
1.000335570000000063e+00
9.989261739999999445e-01
9.995302010000000070e-01
1.000738254999999910e+00
9.995973150000000418e-01
1.001140939999999979e+00
9.991946310000000553e-01
1.000402685000000069e+00
9.993288590000000138e-01
9.995302010000000070e-01
1.000805369000000056e+00
9.997986580000000068e-01
1.000604027000000062e+00
1.000201341999999993e+00
1.000536912999999917e+00
9.993288590000000138e-01
9.997986580000000068e-01
1.000268455999999917e+00
1.001140939999999979e+00
9.994630869999999723e-01
9.993959730000000485e-01
9.997315439999999720e-01
9.993288590000000138e-01
1.001523233948115488e+00
1.001208053999999903e+00
9.995973150000000418e-01
9.991946310000000553e-01
9.989932889999999510e-01
9.995973150000000418e-01
9.982432139283584638e-01
1.001139526307105010e+00
9.998978410116408089e-01
1.001154404790749686e+00
1.001878301324997889e+00
9.987881764174058041e-01
1.001506986221679885e+00
1.000656016862264908e+00
1.000120875289584044e+00
9.997795689584411116e-01
1.001821799078393749e+00
9.997169068761909694e-01
1.001932363124668823e+00
1.001413444077919435e+00
1.000080287119590627e+00
9.990219218439803095e-01
9.991404842392719310e-01
9.995907962657061274e-01
9.989651821253829889e-01
9.991664841577105882e-01
1.000289774882541449e+00
1.001625030909802927e+00
1.001601400718914237e+00
9.989177487504753428e-01
1.000884905796454838e+00
9.987783540552159778e-01
1.000526777552282809e+00
1.000983193442968044e+00
1.001484640617448685e+00
1.000886036358773934e+00
9.999576848453879396e-01
9.985370205990059533e-01
1.001026153155839316e+00
9.991410960274836883e-01
9.984619228306774730e-01
1.000718578839178585e+00
9.995200875249676820e-01
1.000598649220315828e+00
1.000084457606866595e+00
1.001440083220419774e+00
1.000913160446674555e+00
9.982292339625542521e-01
1.000603460427555991e+00
9.996398031613928925e-01
1.001951218505371610e+00
9.986065134428482315e-01
1.001725719815941495e+00
9.987908032307960537e-01
1.000409624629430061e+00
1.001246125869169390e+00
1.001353470671532353e+00
1.001282821267922341e+00
1.000401183365647206e+00
9.997378420628113549e-01
1.001711247975861641e+00
9.998360424217607179e-01
9.999696634212439372e-01
1.000239907502139092e+00
9.993496505477938996e-01
1.001909425977357548e+00
1.000688869462355246e+00
9.988689729639935733e-01
9.986678477209733895e-01
1.001290889769007375e+00
9.990776994916844567e-01
9.994861414204890826e-01
9.983749189973417648e-01
1.000529256286294855e+00
9.984526050878741454e-01
9.991181003713075492e-01
9.991535665574737823e-01
1.001767777089323630e+00
1.000678569982822230e+00
9.993738776938952961e-01
1.001627512772059747e+00
9.998022728089445144e-01
9.996944624581133310e-01
1.000350420491121994e+00
1.001235863905109769e+00
9.994834130025250785e-01
1.000802054061881607e+00
9.985682417149061019e-01
9.982689399267546948e-01
9.994478481251847235e-01
1.000303337483800181e+00
9.983852481692636616e-01
1.000358200609376969e+00
9.983333119626960350e-01
1.000816381171521385e+00
9.999745420257304396e-01
9.993451539171668285e-01
9.985956680808302233e-01
9.981747503738139793e-01
1.001544898772278369e+00
1.000179116930779433e+00
1.001866273409078190e+00
1.001741191430777000e+00
9.984214448354115090e-01
1.000014023442496569e+00
9.997475041672395646e-01
1.000027051058851812e+00
1.001328272569333988e+00
9.980676971908254425e-01
1.001935195029306280e+00
1.001175747848598307e+00
1.000026146662029936e+00
9.986556225188377711e-01
1.000311838047026169e+00
1.000842829908331622e+00
9.986875277030919928e-01
1.001559957139001478e+00
1.000125329296269960e+00
1.001013755234480662e+00
9.984509964785673874e-01
1.000882295916338149e+00
1.000057469428822898e+00
9.999220824861020374e-01
1.001241330063632251e+00
1.000609053385811187e+00
9.994341074578048101e-01
1.001661389806270508e+00
9.992512513363377424e-01
9.997962859473683572e-01
9.998961005443171013e-01
9.986563271511619266e-01
1.001898448277361187e+00
1.001268500070916945e+00
9.983815482739771818e-01
1.000755050125375911e+00
9.997157235146472143e-01
9.985892930015181079e-01
9.997748467105102010e-01
1.001763346418601763e+00
9.997315439999999720e-01
9.991946310000000553e-01
1.000402685000000069e+00
1.000268455999999917e+00
9.987919459999999860e-01
9.986598759976423878e-01
9.991946310000000553e-01
1.000000000000000000e+00
9.991275170000000205e-01
9.989932889999999510e-01
9.995302010000000070e-01
1.000134228000000070e+00
1.000067113999999924e+00
9.996644300000000483e-01
1.000939596999999903e+00
1.001140939999999979e+00
1.000335570000000063e+00
9.987248319999999513e-01
9.991946310000000553e-01
1.000268455999999917e+00
9.995302010000000070e-01
9.995973150000000418e-01
1.000671140999999986e+00
1.000402685000000069e+00
1.000872482999999979e+00
9.997315439999999720e-01
1.000939596999999903e+00
9.996644300000000483e-01
1.001073826000000055e+00
1.000067113999999924e+00
9.993959730000000485e-01
9.987919459999999860e-01
9.997315439999999720e-01
9.997986580000000068e-01
1.000604027000000062e+00
9.999328859999999652e-01
9.996644300000000483e-01
1.000738254999999910e+00
9.998657720000000415e-01
9.995302010000000070e-01
1.000402685000000069e+00
9.996644300000000483e-01
1.000469798999999993e+00
9.995973150000000418e-01
9.997986580000000068e-01
1.000134228000000070e+00
9.997986580000000068e-01
1.000000000000000000e+00
1.000536912999999917e+00
1.000268455999999917e+00
1.000335570000000063e+00
9.995302010000000070e-01
1.000536912999999917e+00
1.000402685000000069e+00
1.000671140999999986e+00
9.995973150000000418e-01
9.998657720000000415e-01
1.000469798999999993e+00
9.995973150000000418e-01
9.997986580000000068e-01
1.001342281999999972e+00
1.001476510000000042e+00
1.000872482999999979e+00
1.000604027000000062e+00
9.992617449999999790e-01
1.000402685000000069e+00
9.997315439999999720e-01
9.992617449999999790e-01
9.995302010000000070e-01
1.000067113999999924e+00
9.996644300000000483e-01
9.995973150000000418e-01
1.000536912999999917e+00
1.000067113999999924e+00
1.000134228000000070e+00
1.000067113999999924e+00
9.995302010000000070e-01
9.989932889999999510e-01
1.000134228000000070e+00
9.997986580000000068e-01
1.001705452417634534e+00
9.996644300000000483e-01
9.993288590000000138e-01
1.000469798999999993e+00
1.000402685000000069e+00
