9.000000000000000222e-01
9.006578947368421018e-01
9.013157894736841813e-01
9.019736842105263719e-01
9.026315789473684514e-01
9.032894736842105310e-01
9.039473684210526105e-01
9.046052631578948011e-01
9.052631578947368807e-01
9.059210526315789602e-01
9.065789473684210398e-01
9.072368421052632304e-01
9.078947368421053099e-01
9.085526315789473895e-01
9.092105263157894690e-01
9.098684210526315486e-01
9.105263157894737391e-01
9.111842105263158187e-01
9.118421052631578982e-01
9.124999999999999778e-01
9.131578947368421684e-01
9.138157894736842479e-01
9.144736842105263275e-01
9.151315789473684070e-01
9.157894736842105976e-01
9.164473684210526772e-01
9.171052631578947567e-01
9.177631578947368363e-01
9.184210526315790268e-01
9.190789473684211064e-01
9.197368421052631859e-01
9.203947368421052655e-01
9.210526315789473450e-01
9.217105263157895356e-01
9.223684210526316152e-01
9.230263157894736947e-01
9.236842105263157743e-01
9.243421052631579649e-01
9.250000000000000444e-01
9.256578947368421240e-01
9.263157894736842035e-01
9.269736842105263941e-01
9.276315789473684736e-01
9.282894736842105532e-01
9.289473684210526327e-01
9.296052631578948233e-01
9.302631578947369029e-01
9.309210526315789824e-01
9.315789473684210620e-01
9.322368421052631415e-01
9.328947368421053321e-01
9.335526315789474117e-01
9.342105263157894912e-01
9.348684210526315708e-01
9.355263157894737613e-01
9.361842105263158409e-01
9.368421052631579204e-01
9.375000000000000000e-01
9.381578947368421906e-01
9.388157894736842701e-01
9.394736842105263497e-01
9.401315789473684292e-01
9.407894736842106198e-01
9.414473684210526994e-01
9.421052631578947789e-01
9.427631578947368585e-01
9.434210526315789380e-01
9.440789473684211286e-01
9.447368421052632081e-01
9.453947368421052877e-01
9.460526315789473673e-01
9.467105263157895578e-01
9.473684210526316374e-01
9.480263157894737169e-01
9.486842105263157965e-01
9.493421052631578760e-01
9.500000000000000666e-01
9.506578947368421462e-01
9.513157894736842257e-01
9.519736842105263053e-01
9.526315789473684958e-01
9.532894736842105754e-01
9.539473684210526550e-01
9.546052631578947345e-01
9.552631578947369251e-01
9.559210526315790046e-01
9.565789473684210842e-01
9.572368421052631637e-01
9.578947368421053543e-01
9.585526315789474339e-01
9.592105263157895134e-01
9.598684210526315930e-01
9.605263157894736725e-01
9.611842105263158631e-01
9.618421052631579427e-01
9.625000000000000222e-01
9.631578947368421018e-01
9.638157894736842923e-01
9.644736842105263719e-01
9.651315789473684514e-01
9.657894736842105310e-01
9.664473684210527216e-01
9.671052631578948011e-01
9.677631578947368807e-01
9.684210526315789602e-01
9.690789473684211508e-01
9.697368421052632304e-01
9.703947368421053099e-01
9.710526315789473895e-01
9.717105263157894690e-01
9.723684210526316596e-01
9.730263157894737391e-01
9.736842105263158187e-01
9.743421052631578982e-01
9.750000000000000888e-01
9.756578947368421684e-01
9.763157894736842479e-01
9.769736842105263275e-01
9.776315789473684070e-01
9.782894736842105976e-01
9.789473684210526772e-01
9.796052631578947567e-01
9.802631578947369473e-01
9.809210526315790268e-01
9.815789473684211064e-01
9.822368421052631859e-01
9.828947368421052655e-01
9.835526315789474561e-01
9.842105263157895356e-01
9.848684210526316152e-01
9.855263157894736947e-01
9.861842105263158853e-01
9.868421052631579649e-01
9.875000000000000444e-01
9.881578947368421240e-01
9.888157894736842035e-01
9.894736842105263941e-01
9.901315789473684736e-01
9.907894736842105532e-01
9.914473684210527438e-01
9.921052631578948233e-01
9.927631578947369029e-01
9.934210526315789824e-01
9.940789473684210620e-01
9.947368421052632526e-01
9.953947368421053321e-01
9.960526315789474117e-01
9.967105263157894912e-01
9.973684210526316818e-01
9.980263157894737613e-01
9.986842105263158409e-01
9.993421052631579204e-01
1.000000000000000000e+00
1.000657894736842080e+00
1.001315789473684159e+00
1.001973684210526461e+00
1.002631578947368540e+00
1.003289473684210620e+00
1.003947368421052699e+00
1.004605263157894779e+00
1.005263157894736858e+00
1.005921052631578938e+00
1.006578947368421018e+00
1.007236842105263097e+00
1.007894736842105399e+00
1.008552631578947478e+00
1.009210526315789558e+00
1.009868421052631637e+00
1.010526315789473717e+00
1.011184210526315796e+00
1.011842105263157876e+00
1.012499999999999956e+00
1.013157894736842257e+00
1.013815789473684337e+00
1.014473684210526416e+00
1.015131578947368496e+00
1.015789473684210575e+00
1.016447368421052655e+00
1.017105263157894735e+00
1.017763157894736814e+00
1.018421052631579116e+00
1.019078947368421195e+00
1.019736842105263275e+00
1.020394736842105354e+00
1.021052631578947434e+00
1.021710526315789513e+00
1.022368421052631593e+00
1.023026315789473673e+00
1.023684210526315752e+00
1.024342105263158054e+00
1.025000000000000133e+00
1.025657894736842213e+00
1.026315789473684292e+00
1.026973684210526372e+00
1.027631578947368451e+00
1.028289473684210531e+00
1.028947368421052611e+00
1.029605263157894690e+00
1.030263157894736992e+00
1.030921052631579071e+00
1.031578947368421151e+00
1.032236842105263230e+00
1.032894736842105310e+00
1.033552631578947389e+00
1.034210526315789469e+00
1.034868421052631549e+00
1.035526315789473628e+00
1.036184210526315930e+00
1.036842105263158009e+00
1.037500000000000089e+00
1.038157894736842168e+00
1.038815789473684248e+00
1.039473684210526327e+00
1.040131578947368407e+00
1.040789473684210709e+00
1.041447368421052788e+00
1.042105263157894868e+00
1.042763157894736947e+00
1.043421052631579027e+00
1.044078947368421106e+00
1.044736842105263186e+00
1.045394736842105265e+00
1.046052631578947345e+00
1.046710526315789647e+00
1.047368421052631726e+00
1.048026315789473806e+00
1.048684210526315885e+00
1.049342105263157965e+00
1.050000000000000044e+00
1.050657894736842124e+00
1.051315789473684204e+00
1.051973684210526283e+00
1.052631578947368585e+00
1.053289473684210664e+00
1.053947368421052744e+00
1.054605263157894823e+00
1.055263157894736903e+00
1.055921052631578982e+00
1.056578947368421062e+00
1.057236842105263142e+00
1.057894736842105221e+00
1.058552631578947523e+00
1.059210526315789602e+00
1.059868421052631682e+00
1.060526315789473761e+00
1.061184210526315841e+00
1.061842105263157920e+00
1.062500000000000000e+00
1.063157894736842302e+00
1.063815789473684159e+00
1.064473684210526461e+00
1.065131578947368540e+00
1.065789473684210620e+00
1.066447368421052699e+00
1.067105263157894779e+00
1.067763157894736858e+00
1.068421052631578938e+00
1.069078947368421240e+00
1.069736842105263319e+00
1.070394736842105399e+00
1.071052631578947478e+00
1.071710526315789558e+00
1.072368421052631637e+00
1.073026315789473717e+00
1.073684210526315796e+00
1.074342105263157876e+00
1.075000000000000178e+00
1.075657894736842257e+00
1.076315789473684337e+00
1.076973684210526416e+00
1.077631578947368496e+00
1.078289473684210575e+00
1.078947368421052655e+00
1.079605263157894735e+00
1.080263157894736814e+00
1.080921052631579116e+00
1.081578947368421195e+00
1.082236842105263275e+00
1.082894736842105354e+00
1.083552631578947434e+00
1.084210526315789513e+00
1.084868421052631593e+00
1.085526315789473673e+00
1.086184210526315752e+00
1.086842105263158054e+00
1.087500000000000133e+00
1.088157894736842213e+00
1.088815789473684292e+00
1.089473684210526372e+00
1.090131578947368451e+00
1.090789473684210531e+00
1.091447368421052833e+00
1.092105263157894912e+00
1.092763157894736992e+00
1.093421052631579071e+00
1.094078947368421151e+00
1.094736842105263230e+00
1.095394736842105310e+00
1.096052631578947389e+00
1.096710526315789469e+00
1.097368421052631771e+00
1.098026315789473850e+00
1.098684210526315930e+00
1.099342105263158009e+00
1.100000000000000089e+00
